
bodies/f/3_2;580,532;300,482
bodies/f/5_1;0,0;350,532
bodies/f/7_2;662,30;198,470
bodies/m/4_1;350,0;312,532
bodies/m/4_2;0,532;306,484
bodies/m/7_2;306,532;274,484
ears/10_1;936,500;88,30
ears/11_1;662,0;96,30
ears/3_1;662,500;106,32
ears/7_1;758,0;90,30
ears/9_1;768,500;96,32
eyebrows/f/10_1;0,1016;66,8
eyebrows/f/11_1;864,326;66,12
eyebrows/f/12_1;864,366;64,16
eyebrows/f/15_1;864,298;68,12
eyebrows/f/16_1;880,30;56,6
eyebrows/f/1_1;872,1014;64,10
eyebrows/f/2_1;864,412;64,12
eyebrows/f/3_1;864,398;64,14
eyebrows/f/5_1;864,424;64,12
eyebrows/f/6_1;132,1016;64,8
eyebrows/f/7_1;740,1014;66,10
eyebrows/f/8_1;936,1014;64,10
eyebrows/f/9_1;196,1016;64,8
eyebrows/m/10_1;864,72;70,12
eyebrows/m/11_1;864,436;64,12
eyebrows/m/12_1;806,1014;66,10
eyebrows/m/13_1;864,84;70,12
eyebrows/m/14_1;864,310;66,16
eyebrows/m/15_1;864,0;72,18
eyebrows/m/16_1;598,1014;72,10
eyebrows/m/1_1;864,348;64,18
eyebrows/m/2_1;864,382;64,16
eyebrows/m/3_1;864,268;68,16
eyebrows/m/5_1;864,96;70,12
eyebrows/m/6_1;864,500;64,12
eyebrows/m/7_1;670,1014;70,10
eyebrows/m/8_1;878,118;58,20
eyebrows/m/9_1;66,1016;66,8
eyes/f/1_2;416,1016;46,8
eyes/f/2_2;462,1016;46,8
eyes/f/3_1;864,284;68,14
eyes/f/3_2;366,1016;50,8
eyes/f/4_2;554,1016;44,8
eyes/f/5_1;960,988;62,26
eyes/f/5_2;848,0;8,8
eyes/f/6_2;508,1016;46,8
eyes/f/7_2;886,448;46,6
eyes/f/8_2;856,0;8,8
eyes/m/1_1;880,36;54,10
eyes/m/1_2;888,512;42,8
eyes/m/2_1;880,46;54,10
eyes/m/2_2;888,512;42,8
eyes/m/3_1;260,1016;54,8
eyes/m/3_2;888,528;42,4
eyes/m/4_2;886,454;44,8
eyes/m/5_1;880,108;54,10
eyes/m/5_2;888,520;42,8
eyes/m/6_1;880,18;56,12
eyes/m/6_2;848,8;8,8
eyes/m/7_1;878,138;58,12
eyes/m/7_2;880,338;50,10
eyes/m/8_2;314,1016;52,8
hair/f/11_1;936,298;88,130
hair/f/14_1;864,150;68,118
hair/f/7_1;910,760;26,48
hair/m/12_2;936,428;88,72
hair/m/4_2;960,936;40,50
hair/m/5_2;880,936;80,78
heads/f/3_1;936,674;86,134
heads/f/4_1;936,808;86,128
heads/m/1_1;936,530;86,144
heads/m/2_1;936,0;88,150
heads/m/3_1;936,150;88,148
mouths/f/1_1;1000,1014;18,8
mouths/f/3_1;864,512;24,20
mouths/f/4_2;880,532;38,18
mouths/f/5_1;910,480;26,16
mouths/f/5_2;880,794;30,22
mouths/f/6_2;880,816;30,16
mouths/f/7_1;886,480;24,20
mouths/f/7_2;880,874;26,22
mouths/m/1_2;848,18;32,12
mouths/m/2_2;880,650;36,12
mouths/m/4_2;880,832;30,16
mouths/m/5_2;880,848;30,16
mouths/m/6_2;880,770;30,24
mouths/m/7_1;880,662;34,10
mouths/m/7_2;880,56;38,16
mouths/m/8_1;880,864;30,10
mouths/m/8_2;886,462;40,18
noses/f/14_1;910,856;26,40
noses/f/16_1;860,30;20,42
noses/f/5_1;914,662;22,48
noses/f/6_1;860,108;18,42
noses/f/8_1;908,896;24,40
noses/f/9_1;880,896;28,40
noses/m/10_1;912,710;24,50
noses/m/13_1;1000,936;24,52
noses/m/1_1;910,808;26,48
noses/m/2_1;880,672;32,50
noses/m/3_1;880,722;30,48
noses/m/4_1;860,448;26,52
noses/m/6_1;880,550;36,50
noses/m/7_1;880,600;36,50

