
bodies/m/1_1;646,0;260,528
bodies/m/3_1;0,0;344,528
bodies/m/3_2;0,528;304,480
bodies/m/5_1;344,0;302,528
bodies/m/5_2;304,528;284,478
bodies/m/8_2;588,528;358,474
eyebrows/f/13_1;564,1006;62,10
eyebrows/f/14_1;734,1012;60,10
eyebrows/f/4_1;734,1002;62,10
eyebrows/m/4_1;794,1012;58,10
eyes/f/1_1;358,1006;62,18
eyes/f/2_1;652,1002;82,20
eyes/f/4_1;298,1008;60,12
eyes/f/6_1;174,1008;62,12
eyes/f/7_1;236,1008;62,12
eyes/f/8_1;476,1006;60,12
eyes/m/4_1;0,1008;62,16
eyes/m/8_1;114,1008;60,14
hair/f/13_1;906,196;108,116
hair/f/13_2;906,0;118,196
hair/f/15_1;906,312;106,138
hair/m/8_2;906,450;92,72
mouths/f/1_2;62,1008;28,16
mouths/f/2_2;420,1006;28,18
mouths/f/3_2;626,1002;26,22
mouths/f/8_2;448,1006;28,18
mouths/m/3_2;536,1006;28,12
mouths/m/4_1;998,450;26,10
mouths/m/5_1;998,460;26,10
mouths/m/6_1;90,1008;24,16
noses/f/10_1;974,618;24,42
noses/f/11_1;946,620;24,40
noses/f/12_1;968,660;22,40
noses/f/13_1;990,662;22,40
noses/f/15_1;968,700;22,40
noses/f/1_1;946,702;22,40
noses/f/2_1;990,702;22,40
noses/f/3_1;946,660;22,42
noses/f/4_1;968,740;22,40
noses/f/7_1;946,742;22,40
noses/m/11_1;998,470;24,48
noses/m/12_1;998,518;24,48
noses/m/14_1;974,522;24,48
noses/m/15_1;998,566;24,48
noses/m/16_1;974,570;24,48
noses/m/5_1;946,522;28,50
noses/m/8_1;998,614;24,48
noses/m/9_1;946,572;28,48

