
bodies/f/1_1;0,0;286,522
bodies/f/1_2;0,522;226,442
bodies/f/4_1;590,0;302,516
bodies/f/7_1;286,0;286,518
bodies/f/8_2;226,522;288,404
ears/4_1;158,964;96,44
hair/f/10_2;590,920;96,92
hair/f/11_2;572,516;136,176
hair/f/12_1;892,358;128,148
hair/f/12_2;514,692;170,228
hair/f/14_2;708,600;154,190
hair/f/1_1;892,506;124,186
hair/f/2_2;892,196;130,162
hair/f/3_2;686,922;90,92
hair/f/8_2;862,692;154,124
hair/f/9_2;486,926;104,92
hair/m/11_2;0,964;158,58
hair/m/15_2;858,816;152,118
hair/m/16_2;776,934;104,88
hair/m/1_2;880,934;92,84
hair/m/2_2;708,516;168,84
hair/m/3_2;254,926;232,92
hair/m/9_2;892,0;130,196
heads/f/1_1;774,790;84,132
heads/f/2_1;684,790;90,128

